118215800627658757
296875973562073089
297091352250810369
323719923874398208
373496934326992916
530670959946891264
664967521291468821
696703744146145340
711762220903694367
762772531333431387
859454723614834698
875408615014551633
880333820908433418
918827904144658432
919637847227646053
920459846938144828
924283645282361385
935574251220643881
938116496868134933
938139478579613727
947626498356047904
947865606231834676
956361711366049872
969248243819118692
971314916172648449
974340773728362596
974641906220933120
975740716640784386
979418640476667974
980164563947356261
980956815443505163
982842378761142423
984814946992934963
986616917370499072
986714263647314010
986755949433880667
986985850925629461
988078597929586728
988186634707169360
991150709171028009
991194203709247498
991241734946312243
991258504516083752
991267632424697987
991322559817719869
992770232227725383
995427603819286538
986313625113346078
